,log
trapped_atoms,103
