,vx,vy,vz
0,-180.0007353506882,242.15373714011815,274.10537699946264
1,-170.92116266419538,134.16833639524,92.20578680700868
2,-318.7282354622974,-207.59188333273718,287.99279744881795
3,-25.939020778826716,415.01491663962156,68.64222923785861
4,195.63272833416957,-81.99887183864539,322.8353217220181
5,-69.34679263433438,266.95235918236267,-252.3522653810639
6,-618.3203644810923,-170.37182713512126,321.90169676513847
7,183.83778472749788,-41.707747988638246,-302.9258364674517
8,428.2248509522249,319.9321926916548,-151.6585727346251
9,-65.06712727601524,-86.0204609335837,-90.1899058002424
10,-154.55094608261135,13.545161246398138,42.82646613864081
11,396.4960799199083,251.08609989164373,178.16182531292574
12,13.245384796863894,222.16557509741963,-280.2024529240434
13,-5.699521038939389,125.07790749590973,155.70568620524944
14,217.53113256154455,193.50598855341335,-35.243736310767346
15,66.75584504579078,75.76802277191986,-342.07256946573955
16,124.26236761318702,247.37795156444867,-38.44674653233628
17,230.5335469916972,147.76996365285189,245.50075631980494
18,-300.8424839754166,50.34135209298666,-302.3408477510782
19,367.20377061273746,-41.5729921034701,225.74340063479275
20,145.1055016537726,128.95800308396218,-256.42703374471546
21,-259.54672402857915,355.4454537559802,-449.39962336631953
22,-232.65503576427244,162.63287407555168,48.88825414871633
23,-257.4275915902105,-224.42090050075043,-89.1950883381427
24,-137.20466830438448,67.81071358578816,-78.44588648119021
25,-177.75895298351793,-291.7887697490334,70.9609334042722
26,89.7545258571004,91.48207134603179,168.53706411463517
27,-96.82624049185758,240.77804019430636,42.19229534825815
28,-37.634296699363404,-103.82184498297124,-220.03963377498428
29,201.47564460273068,-334.39673766467274,53.1935740097755
30,-151.47934257620898,-111.35950369001255,-189.40441608409782
31,61.64343631030277,-37.287861550987486,108.59340302436836
32,261.4136573688438,55.83956533047198,80.34671893898943
33,115.47385141237237,66.25103064829706,47.66793555321454
34,-275.89180052921915,234.2301724983777,-139.0918912843875
35,-272.20981195223146,-14.580883744430007,202.81907694060237
36,3.6136024151544452,101.55272035526373,178.7231563091852
37,-72.80948668719618,-434.9188845937322,-16.202375491598257
38,93.26344835586512,-346.5375525584405,330.3444547212913
39,387.6957464831611,215.64329205849072,232.4242882332554
40,32.972429490140904,-4.160901827748777,185.38261001289808
41,-379.25944426607754,11.346644240215706,15.102990015184783
42,47.01130620503731,104.11042433860473,479.79195465355156
43,-138.1832761820531,-98.59930150628647,-222.2302637537228
44,-235.56363569990407,81.70654989805274,37.08188714110497
45,29.80635010169386,-0.8229963872192372,-99.60813164990367
46,-255.3546543647403,44.947524617774825,449.8625482068104
47,-144.04398960808825,480.39511169850834,164.17995419689646
48,-167.00174586818866,57.11692477657857,-37.464898214358456
49,-426.82878099718914,-238.60132420554558,298.4009941851291
50,237.18600824096706,-344.41743464822736,-216.61892995166116
51,40.356437389530306,378.25246595124486,125.39668755428809
52,-299.6694777810322,38.32206109999983,-406.3218955528306
53,375.3519937000728,-697.6207853297688,-348.4021657189223
54,162.94371838642158,-243.41064040954126,-9.525275478930254
55,370.13123822613596,-106.77770525801988,-172.12026071793937
56,-161.22937942883496,-82.38125646702068,98.2727546791311
57,-45.51516241668694,46.480099887287,171.11992823488805
58,57.77416122955732,139.6637212968783,71.89116495744608
59,-31.912121002894484,-113.1377923140545,-115.49815135656256
60,-209.3862329685919,-131.11161214056528,340.7348425343306
61,113.00849676687494,49.78557178744249,170.34246781664365
62,125.63614106260476,-197.8799436223009,-227.6441902268001
63,-67.10780536738085,-87.09137640168886,-71.1941379066067
64,56.38800287098525,197.18787924241184,79.25758928555412
65,27.070416705977895,-331.54823562849487,-89.36154000670913
66,117.27906638867725,297.6612184446766,-140.28288922530544
67,89.8074473288078,2.1230850608036214,-382.4082239807016
68,-352.2594430884369,49.262344034268935,321.63572856299373
69,203.24275766353583,-49.086573472095,-137.99563110077028
70,2.4002457938375676,16.515441694415838,-453.06673468456006
71,273.55662037541214,-125.0007162355212,-129.31700006897267
72,165.71998835808435,61.33094826207124,-104.08494577547206
73,351.5230318181193,-244.94790475874487,-139.58064861746163
74,239.12600628689958,209.48860077339927,195.87408388138553
75,437.90159010808526,-28.086988690990484,19.642340480415392
76,20.047679170317465,134.2792968104434,302.75431871204097
77,43.462301070962205,-346.8172822640057,-116.20257701262824
78,213.98568717007348,-86.26236253657113,29.231152512040275
79,-76.5771224431124,-11.052300214249964,93.33885190959452
80,20.04639823203081,-42.95845271296813,-156.97440126811173
81,171.46843742897548,9.061618048783092,58.04853974222542
82,-136.12101091318468,-307.925316543815,-163.65166761509556
83,-225.259361838514,84.8244189636177,-267.91415644594474
84,126.38791815451123,-75.9397214966769,480.35419895643264
85,49.420615375406115,-100.34252196536441,121.70281113091926
86,-24.428055301271183,110.70574844989093,-56.59768463107193
87,-109.98863588045455,317.7569219041043,-154.14553087816424
88,-525.6624171184678,-108.44597827976071,-86.31514170077156
89,-200.5775054819625,-490.6965049827229,187.31704177199
90,283.40654461821407,44.83227882815577,-187.3618207984422
91,-96.74938773055406,-11.275329194946382,-403.2749720557446
92,-166.8676303687741,-93.2464401170692,162.81017190986316
93,13.028836747287597,-107.62461523835567,-55.3114980883726
94,213.0422690069855,-442.68804380356113,-139.97422763232254
95,-38.299084800667366,131.17499895585934,-152.08693724054513
96,-76.7407241357995,-334.6000196238234,28.149669609753207
97,174.3735539362182,-56.91467817686644,-327.21166954197133
98,-105.7225571878697,168.10027290873637,77.2895569938127
99,-361.9972419134849,-193.17069104532482,-274.74579869598125
100,-108.8308299223549,258.31426562188557,-191.01859004944393
101,71.19462175901884,-218.91893114044336,-282.337860369595
102,56.811704059194454,172.9820853951458,35.70277623131436
103,411.39677241988426,239.04670375463405,-37.27323060928971
104,227.87376683232714,302.3850825927213,-104.25860416058366
105,-87.60240153459033,104.35157593234628,27.84847886451214
106,-545.4797495671265,295.74344339147484,-150.62511038515342
107,-29.50719606914598,219.71519101787717,112.49736768645448
108,-312.83065385838955,-226.76325625511157,196.73642490286306
109,413.75404159975994,-123.41472564068185,-64.34125854458192
110,-11.432381592228943,-72.5814915015963,-4.435152606287232
111,-5.867178125121191,-69.18575219991648,-303.78885915328317
112,-135.99128008806244,-376.0814901221686,97.09721411501567
113,-370.82145598727556,239.48707595016973,134.82286655213662
114,46.19686196167097,-10.552529474921798,473.24373527571026
115,18.284032902661824,329.3702778957535,20.10169543827563
116,-430.3894246183909,35.73800966800057,-212.5231160110326
117,-331.4345413565492,1.1326783284641695,199.87778172729332
118,-463.7831663366105,0.9615838532154912,259.337728777078
119,355.6345399499466,-43.61557324371361,299.306540212945
120,100.70523791173285,-130.70044859010642,-312.22751881063255
121,471.81865858004056,-162.3394647761622,-17.71510908410737
122,47.333818825620895,-320.46131370476905,-8.494404780012939
123,-213.38607847073268,-273.3482163351126,43.52353713770176
124,-196.86052610415996,15.42836262374305,203.6243668590262
125,203.76183260370962,-134.8263240868488,365.2485474603402
126,-115.74414145859441,-186.5436099512651,116.35779650211721
127,-136.02778498060053,145.90815539186661,-44.540523411890746
128,-484.2112710588283,426.17576713349115,-142.25420207275613
129,-32.998019411069166,303.8680961405253,144.2531383385551
130,-56.9459485981138,267.3588418950005,-13.636081833085656
131,174.78325331980608,132.52119818557173,546.0982199233979
132,167.75755106571637,-107.98451738069829,284.12250060925885
133,-11.806123212277594,-326.9184469166048,-167.36651201615166
134,42.692061205275394,230.96783441122884,50.623711627113586
135,-270.11083164684,-60.56693659712127,-288.5318177849087
136,-286.5058252719891,-233.15191187561646,-13.358287564523351
137,-128.95477339306075,-82.00964908920714,162.83834475429634
138,-53.839263141034586,-127.29640751076265,135.8610302717302
139,-70.83497362170066,-392.2712391779691,206.79103225756407
140,249.91753137939546,-248.3250779914939,-50.3319399660912
141,260.36925825073945,131.07421969833305,-195.86451636209458
142,-10.424696706461983,34.137769543853864,373.3701504242669
143,-284.43338334030204,113.54007405412887,-68.67932084378883
144,-308.67318562557557,8.46988273200063,-44.24995159742496
145,-316.3270076245851,-93.04328568007068,10.696680483949505
146,125.53964778768463,-175.66540320887404,-62.88646139762749
147,97.28344339239324,-50.75190345339552,96.21226916503755
148,-119.64081855874156,-75.78001068243037,-85.32979755974507
149,-58.59469359668721,184.3632769113321,-17.05461765834811
150,-98.21022656672564,25.393759271355925,241.86304314423484
151,55.57639495855105,-38.33420807283565,-102.14692699087011
152,-62.43331318223094,9.815927945801922,36.10667436990767
153,-208.2450655354407,-274.47325225510104,-127.56679915951734
154,-341.0205719895796,130.77423912632838,73.88850664857046
155,171.3283778518687,-108.26239008372835,-659.7607300305987
156,37.20488716106026,605.6985189495028,35.383885160347816
157,154.31135146459764,108.16739281826362,259.5517396787716
158,-75.04884198533411,74.47598093142132,431.1238481476952
159,73.04779519727788,-111.83078034444192,-59.665094658486126
160,8.744955245427882,-80.81193115070361,50.388648634653265
161,-105.37851472807766,-208.1174939487338,-6.638861540424418
162,-39.64313034818696,-45.122309417925436,-14.212015837248515
163,37.64392747398883,-54.34087406572517,70.64393728466588
164,155.22654772845453,124.67691378847763,246.85389201780694
165,426.92291566060334,-147.84979435059452,-209.3306801151896
166,-127.14328250205362,392.423314553404,286.49840454551196
167,-244.7488129959157,64.53585309793411,-94.11151931965273
168,-267.9727093444582,-328.38780596379456,294.6130265300221
169,-98.9323482483525,201.73664307954385,81.7410268758969
170,-7.407142426647089,-125.68997116146572,62.2351330598501
171,-204.13264431087578,-340.53010674910195,-97.34728137353045
172,-44.21421647238692,62.03025001231238,39.7897878610764
173,133.4062557819115,11.178474212960088,-193.73208295389915
174,-57.023210346719175,-341.53728673348706,171.95234015674478
175,88.15750870787127,-124.64224288918034,227.26749500091458
176,-47.85275681397152,-680.1742449060104,452.5533456350036
177,-6.82398690294705,59.71678906984551,24.273656169682152
178,-242.0769876345728,245.0256336487614,72.40976425625148
179,-446.99637759877567,-335.32165023288223,340.716300453022
180,-445.8595665226165,-7.6178283869337875,138.5381136352893
181,-200.88160828790183,230.51590476470966,-84.28233581503082
182,268.49492092011474,-464.7424019976291,86.64803780685936
183,160.87964090979585,368.0431251539908,-303.52387432041564
184,-361.5405586836518,-388.1139722858411,-184.2100389311871
185,-8.384174807865701,265.40955942926706,268.1702444330491
186,-8.309683669719718,-172.2848031806946,147.3173746210514
187,357.1495711104982,354.48894639474486,435.44407599376547
188,9.831257904592507,175.58843871091796,-74.75309990980024
189,-112.94476870766002,61.77556061861218,73.21940822102223
190,-151.2656758723214,187.75412198026785,30.506120760551696
191,66.70088537597778,264.5158926688084,-419.68045770844793
192,8.453854212397252,-283.4722113067972,288.03901557852373
193,49.95660212927017,-108.52771418229928,247.54980873837962
194,75.86162782285811,260.4650928054931,-688.5910906367626
195,77.4856920951082,398.70038057299246,-302.65176661789695
196,40.64649673928218,-104.26074126461995,-83.5162086640547
197,-127.0174009468197,98.6154015739635,281.8901486968866
198,452.2605746853678,-439.12208719275236,368.8381976157995
199,36.61760717836023,-249.21016212909612,-246.03679293745037
200,20.115231288146035,128.53118063755736,24.853423153523572
201,55.72376457782945,-103.3147360095809,209.54677112397718
202,-141.5568053088885,-84.18703744569311,-56.078403174098135
203,-35.101125855724135,67.03477136228302,85.27897548695503
204,-24.800426578239033,-64.32379212570075,119.41518498072308
205,-248.04959011249701,86.6777723999403,-56.97947372829656
206,210.98616796902485,221.22877240547467,-103.29956317902669
207,205.0539824701139,6.493842531359924,148.47707446806783
208,-124.63319842870666,-62.25009430387804,177.52014687065227
209,-233.996967332696,-56.227234832499306,-124.9784609866135
210,16.317417200617335,22.01640543348739,320.7274675928077
211,-110.75743248218511,-112.61691330269787,-0.01981531191346302
212,112.53725545022486,87.1520594186542,-40.081571454228566
213,-114.8850840165683,-141.83960144821643,309.0131233192522
214,24.11017558793208,105.3474550681746,83.43457359390773
215,-144.97799831563069,-88.82813496186976,225.1371114433602
216,-177.8644861749178,30.01299424950141,-127.96041058733228
217,280.37180701794614,162.91990436175104,200.5935310549898
218,187.93024881828285,-402.84315953340035,-6.910621584849472
219,-231.08754265169728,-83.29550114622486,43.43648945465604
220,-435.011109013896,-68.78700221513888,-126.56183104044341
221,-249.9446713434782,199.43849439223027,188.77910228694094
222,-102.22945371620533,453.2652794699596,-131.45453933059014
223,-15.529118540792883,323.156861724486,126.10972707702581
224,-69.91774879181526,93.70398203779267,22.393117677514574
225,-69.54139854466824,-336.99833918497654,320.6609608823991
226,209.91590298232143,240.85937669712482,288.2348351959482
227,61.41718127838437,-256.47088233298007,178.1485589887173
228,-276.4286961110871,9.065899124908178,-140.591178043501
229,231.1077667259263,128.70191038658038,56.65256773917504
230,-301.9243644686068,-244.40928975687507,21.743315682189152
231,-94.10048616803847,183.1548423697588,-75.69527738071983
232,-184.0402204819059,132.87591995355638,32.907668976277435
233,99.3595785670432,173.47278491035718,128.90162063353242
234,-77.58474921751547,-227.23362573546288,-297.2986439596309
235,82.5185959021255,-242.21470670421778,172.3826174281355
236,208.31077322302997,289.3400245408948,-174.49906889142588
237,-182.8483900701822,-331.60052013962337,4.789903688825806
238,205.87990328289746,1.2795356885752747,-36.72089062377089
239,-184.88597469869663,563.7192266970084,-216.5736305084376
240,-86.69802818968972,-66.40460623118814,-128.57896011425927
241,46.64496755293413,-174.8363843861426,611.0903784207686
242,36.176931177979746,241.94283725996434,259.77250377799055
243,-65.32816352975799,-66.36511551670024,322.6266871838726
244,153.07934454693722,-203.30376894197326,-85.96681037213939
245,2.480930032544687,415.6485826984945,-297.00850896355473
246,113.11576934864824,-125.01113658206282,109.926657032781
247,200.6087248638917,76.02845334041903,65.38780942971495
248,237.23363809185435,50.28883526255793,93.66605123926755
249,401.20150106126334,34.99941635126794,-300.2516087204587
250,-133.34124857829647,401.7409230161405,407.28906585541375
251,-307.371904355492,205.18465822670908,378.56775952088884
252,162.19278786856225,228.9959269053753,-228.62633913034492
253,83.0753374796948,-217.13562770919097,151.30926583854335
254,439.88553879228806,-39.11610595868964,-49.79076511275919
255,-286.4820533137261,206.19440952498843,-306.302732276168
256,57.42230622635983,252.70571610885852,382.99860079954874
257,-220.31479700520308,-373.82703600426635,101.68208476599389
258,-231.68092967211936,227.43529352988304,177.7039351806954
259,-72.41060829893932,-286.9622248877252,-40.37573939541134
260,54.31416389492816,-315.4183608499552,-114.08038991444268
261,106.94775569329198,156.77680173475144,70.2149841474894
262,-317.17959601078195,-229.10262183328572,7.617313035957547
263,-82.8666772150933,-95.6565616859695,-144.73571390057185
264,200.64934059352066,-398.5525611996143,167.72761195122843
265,168.5866796510777,157.2774534837488,-97.25077599172486
266,-26.13619624312602,348.14173201683155,72.65676927475768
267,304.58143110900386,187.82574374644426,235.44643263679785
268,-451.9507949698076,269.84055732226346,291.13745546382296
269,155.10248186594671,58.8972376311011,67.24457429748543
270,-71.77900978692773,374.23338648981576,273.90739344572023
271,193.31938871413507,156.44403486559094,-6.239435597330434
272,107.38672611893327,141.46272091705893,-208.6491722482736
273,-171.8972967395976,64.99422324971728,406.4636047701744
274,281.2998535849876,82.76622416513638,-36.23404680352125
275,-183.38603083496434,-15.614632731956485,56.38783710218609
276,-175.45222217900542,-23.11847558922919,-333.61118818954424
277,388.9902547771585,255.72890702157903,-71.63027480576355
278,-113.51429152349894,269.7614710989904,-56.65350294399734
279,457.649583718714,-236.49924121664486,-13.003464194742106
280,95.12147140450436,-48.69466647115102,-164.5613630404993
281,145.50129948237307,-58.08392394611344,270.706736968236
282,-100.71835401297324,-286.8719774596876,284.08260510945706
283,-229.70569031729764,244.171760562923,105.64823766782459
284,-304.07445570957157,105.52485812343974,69.27552597943087
285,-308.7353083786552,199.14267490291763,125.51478528135624
286,-53.262939380860274,2.4731687164931633,-116.97220535308206
287,-436.5908020989748,-300.46576797481026,452.74271276474394
288,551.3333177532191,245.12258500170984,-386.54022926101106
289,-81.17501687700079,-370.55612926137104,-103.25072970543646
290,-262.8979634487179,-201.30202315185858,204.89575344572168
291,77.61130236115713,222.05118310104507,-185.45114480344574
292,-71.31948262714127,117.16065028908722,109.11347115737316
293,452.1542107680609,283.89275970812935,91.65500779929792
294,-249.2791815029624,-24.386155996268176,125.22478539797729
295,61.21704608756171,-389.0021192687322,173.2896262008802
296,59.954869511806166,-19.373461569430876,174.61967244649165
297,262.5108546730507,67.98774445115217,-306.3386931322295
298,323.10132479532047,122.03709321577236,156.91664452038225
299,122.82420133683492,51.8323166175695,-284.8637870360637
300,-145.570952676741,473.9025560326237,-297.8179855649072
301,122.64194029522007,117.12313174897977,-300.73622684607767
302,347.3790579552813,-224.02934862557493,266.14961736227497
303,-57.40890285526439,157.43720686211486,248.20916094239425
304,252.25550845242321,207.60214455110392,-196.46725941649743
305,-172.5933024724878,32.565001653304684,-44.44821098299277
306,-39.17341853127259,-215.24023585413698,145.6566269622968
307,-125.73606388958707,240.75847589527095,-177.10473772146022
308,7.4504188153296695,625.4390426488822,295.18711245997395
309,-40.136346666609754,178.94461028278508,-75.0358574636667
310,237.02835877358655,95.89830185959003,-24.872433619636443
311,94.23762530706115,169.37880809422973,158.31044985011206
312,336.8060007045135,208.2669207834158,-288.5440701519972
313,-35.87804896794984,-79.86783071302051,97.8353912720295
314,113.09401141230941,-141.55239140082554,-73.09678143834955
315,184.60035559512895,-171.63288606972824,-329.1350398584379
316,-229.32899359390703,166.581200229901,-148.30821258164664
317,153.0140884059943,116.48107253529845,492.1131914655954
318,65.21476181765487,-296.59882456513645,228.14883661189492
319,358.87056530399207,44.45912932224917,79.79417834206069
320,199.067109345732,79.25369828942716,-12.465028208429501
321,6.982817950523811,-83.08600124789052,-56.49102755197908
322,61.58733152675969,-174.09970303905104,182.2627249278765
323,-163.01793994376484,-156.43110608966384,27.404039767515016
324,-125.08210941678996,190.6343668818406,-28.084977562143855
325,136.0642538075763,390.98965285167674,107.97752970072536
326,-37.315700070916684,-174.6127817182727,232.89514866604856
327,-162.7811157523227,-382.4231212109182,65.94948803575835
328,-394.9281486265292,297.2406182490606,-432.9368396660363
329,-44.87023448081844,-65.92017548726898,-49.54328217272281
330,258.5092405736343,-11.257088542159273,-10.219676825279366
331,-291.82212713146794,182.94744768813644,-135.6981561998557
332,119.03596538473704,172.77502255908303,133.71525813258876
333,-163.31673118667132,453.8297570916239,202.2031402456209
334,-247.86946574450081,-54.88379727446978,-64.77430223240307
335,-203.02004023548443,55.77087279339149,-673.6326877640922
336,-410.93660239640076,-58.018980440360494,306.00793394900177
337,-96.40302636864028,-132.02903340790243,433.2857483314542
338,585.5508830323099,231.45102969547753,-165.9464687972261
339,-6.673035026020478,-135.57447344226676,108.10959897165647
340,-151.7844866237518,242.9434830061123,383.9383674942579
341,-19.7032900743138,-90.82815416318262,-19.438827771496396
342,-2.6494934596801483,301.8753936761157,-100.0530139634217
343,11.228110666536658,-268.6347191523267,-234.04187704572652
344,-366.0486585672299,-84.85506949085251,451.19998117786315
345,-4.951846134888862,-395.3693302995024,-240.92440008190755
346,23.612992596028526,29.490332148580762,58.84922705902452
347,-190.59541483444406,256.50584138862007,229.19121831634607
348,-337.56688139560407,86.10076266691098,-393.2676253273222
349,4.391627701650022,165.07541394152418,-70.26626342162812
350,-67.72228736144831,-151.60071895233523,118.69232499712092
351,400.65257712170126,-82.020486722891,-269.0689480437299
352,504.3896333425811,-194.91462170935557,179.69917674493914
353,-7.401624416401313,2.375757745929229,-242.4233694790961
354,-292.08611434947886,-87.0225652003784,-93.47447328533356
355,207.30300283734041,119.6498062926133,-335.0846613295043
356,-115.88164708203897,-370.5147812247268,156.1507857218414
357,72.5003872947353,-251.64531306917982,77.50779636265194
358,-487.71308752950017,108.7382640000803,-18.104484416645892
359,123.07332091306095,55.97017773523093,-73.38086910170739
360,-266.6478770605488,33.782740792317476,-340.191906874069
361,-44.78239919027523,-518.8840330545652,-485.83369416349456
362,356.9535500906165,212.33893465885654,65.83608683988906
363,279.194841877479,336.4266781261495,84.29135082616503
364,-69.60849966798945,-196.1441096928113,-82.2742277555822
365,-361.678582667085,-87.79754278365594,-177.93557443414628
366,-150.29847724799654,377.751035266669,-61.689723402354545
367,-35.83828731234724,-674.8791762104441,214.39466362309685
368,658.8891984717419,-416.7223199313769,-211.51300181218704
369,203.30345672444844,-199.8698187427285,-155.96194478962315
370,200.58050527464167,-67.98767710498521,-74.4998883411696
371,139.85252142663467,153.22171481249217,377.8922735858615
372,35.192076087471705,348.3905402371636,266.3934675490323
373,2.948478643973371,71.64817428492631,-244.45809625684495
374,32.95637507360189,-296.6391565080945,-139.93157341925365
375,-133.0150923082961,-28.63841560884741,22.61651369738369
376,-6.471654873709412,-21.721491950655604,-237.05906522352248
377,-95.79157781717042,79.39888518113104,-179.06394382943282
378,-733.0753765339769,71.11162757727308,436.80509093201476
379,-373.5746109377779,80.70754129129234,113.03645508747408
380,25.938785127393388,-12.498744513268779,71.32386249984398
381,-153.09134755153983,29.080991633583498,-268.35734407392596
382,171.35188581596418,-178.23479721530202,-74.26939422566676
383,-28.57085837932065,339.23383145004084,130.81958152945305
384,-284.7482366873442,204.32513885701496,-238.28033600959887
385,83.53801440591417,111.84200976870689,-242.1770315402754
386,76.83082219269146,-381.70687133907796,205.38661700575372
387,366.6238791722394,237.94011715452697,215.5543546569749
388,261.9262007562324,134.34787450759478,174.14923461742188
389,306.6422960883833,-206.4723482317681,112.7331729147232
390,167.99422432115395,3.5562226147242684,310.6690184944887
391,130.20468509445243,-38.41105915275042,-132.7129768718074
392,-571.601477390223,-115.98291147338327,182.93292940682647
393,360.379204663671,453.8852410829803,-110.33974317664301
394,14.886634534735578,-55.728168967726276,-82.33440889008764
395,-179.15233092014856,161.61315235836085,131.10239374318203
396,-119.47840208413245,-10.693756411338944,-147.31392128262752
397,201.91270530070778,185.17591420425882,21.003182616975185
398,-109.94859159128802,-4.107535966271102,159.94639886721325
399,273.2947825794975,-479.0718671137752,128.81286555082468
400,-267.68040389274404,-129.53762124973377,443.0941267261637
401,94.50069234069527,-224.4054021953789,25.94557927520199
402,-11.980523967642963,138.5685358756365,60.935082227592034
403,-37.26807270564486,-47.32499419521577,74.4320518174788
404,-7.805153943250131,416.0564225227615,-164.6350728866405
405,-6.365696909183463,-143.02329258070344,156.6514937719611
406,465.5430347119373,-186.73505486452618,82.43262248739941
407,-7.220982160996621,-45.437805267373086,-90.24557839279932
408,55.53252235110487,20.721892715590158,104.85238829127186
409,-207.0579605219678,286.9274674322511,72.02221926028052
410,-125.53403821651243,-199.77835462054256,107.30370813838788
411,44.01085372579177,-261.8952427405228,-341.48145661278795
412,-183.117759600195,-259.7483019477669,335.26315222315725
413,59.238935526321335,-431.49793870664803,167.62819897487248
414,-38.641587538078234,174.57310635586475,-54.85563400094784
415,293.6667382208566,221.0428871082416,-327.7329165700884
416,-277.4802315803219,71.44383449394945,-116.5125412491991
417,-74.71230707037327,-202.41631126979308,-106.97577197764028
418,-310.33993724431133,96.94353472899348,211.76027898879877
419,-206.6701098992812,182.1919617254025,-166.5766740354147
420,124.74622534679085,524.1309548580834,22.08947048084348
421,160.66687978521662,-34.167692295188246,147.37064452162784
422,100.31796559351771,159.50144677302967,-177.1595763137887
423,285.1543312747218,487.39653897006826,-69.30632942590184
424,-22.786509158519603,-175.05349623305503,-130.375913009707
425,-43.76891483627311,330.5888150116851,-373.0909903571709
426,77.2494338971313,-108.80141727437645,-99.1682183998574
427,203.32984909726414,-116.73181918104277,-120.03882164024182
428,-347.9389231215339,201.87044340979475,374.4971761938919
429,-246.44523965036535,-26.36546018881652,-118.00508490175233
430,-117.0704951213924,-117.28201663638144,140.53696693533598
431,-282.8841924497467,-377.9781237925814,206.708715122659
432,-498.65319573941036,370.69618597873716,31.948470444184878
433,-274.619400923456,-28.283779287914307,82.59427916017353
434,-130.93243698416126,-176.00577087684334,-288.9806244452492
435,-11.105527049096047,-321.8893749260195,-88.00769560368036
436,-79.62430736923413,313.90752445031154,-39.13027476415078
437,-285.9063976189915,-321.2495676562922,-162.90853373317512
438,-90.15015159708803,37.933630300552615,-253.70632333775012
439,-343.0781784477384,191.05356606390853,-463.381416980899
440,180.32817326984713,-201.1804576125555,105.56264733337488
441,33.210346269135826,-242.98471981256884,188.86128236065528
442,-251.02906486987018,-402.5450886044256,-28.476819349533365
443,-85.20323377964499,-95.08063947371545,-170.16437526671874
444,-287.40631984877376,-43.74177823803668,41.50431240766309
445,-100.75220259645741,156.6605672804869,18.444602849848028
446,-365.971017202203,-162.8077996185307,-114.7096524329853
447,114.13441059576226,102.97013769383365,64.10893044858518
448,146.83701679552556,50.67814089550924,-50.75371361632042
449,246.45290239674503,447.44090225145294,2.924698792483696
450,-68.3185876956169,167.38186201561942,-335.5181983530795
451,45.19765836909874,-367.4301711638689,52.884920149081836
452,-52.36343239382298,-74.3906084534952,89.06627791261252
453,534.306323086872,21.55856918668776,126.85318343400489
454,179.2967419395886,-251.6045937842338,-203.99891760958693
455,-171.3037454943517,-222.14064166434594,168.6276051416723
456,363.91486812348285,236.16295302416952,-120.114293292276
457,282.5241278916113,-190.81174336822022,126.53602466729808
458,17.361034315087046,238.2550620772021,-38.76774193502332
459,300.3493255008664,272.0767366978158,-17.992727885269126
460,452.4488296116418,135.16802023821322,-5.620702403286313
461,33.4911210399998,101.58446564026721,108.3138947288881
462,225.21448797336237,287.85240043288974,1.985538160687012
463,371.2864344396134,97.0357845599445,-414.725152204331
464,-257.4537578481565,-584.4437746930727,9.661878787939465
465,-94.7046566307719,267.4982151209309,169.9004235294641
466,33.9964248021882,-121.79461726857859,-306.3991587332555
467,408.38876052152546,-126.95752274620457,151.72671990783252
468,254.3036370844197,519.4986228500672,32.429538021377
469,-230.89804514265487,116.14523866097792,-64.01862940541638
470,-195.40140892556707,156.3240095217424,-13.672811086194065
471,-167.94373456774787,132.37413161153145,-96.3139890243369
472,0.45479494340067056,-133.31803628414886,-517.8555031574012
473,-0.7965425342575078,-17.08656096262895,-221.7272219403358
474,133.38791089725305,-251.59312623663078,-341.1771186359755
475,206.84708250013287,72.46155925974898,-321.4377894642002
476,-202.5183313749307,515.5412909272048,42.83407018715252
477,-273.496422279468,-106.92569129126895,318.6488885640777
478,-309.95003607340595,-342.12102028115896,-341.77524858648445
479,80.0176492475327,374.4214607182652,-381.9420172129001
480,-195.0218275869144,-187.46350884714204,19.198704833145186
481,84.66800617298682,-269.20173455334486,219.38472048684915
482,221.54786789434274,119.32682872794122,-50.75776345161251
483,-25.484761503158293,-52.965218147752445,-384.2208580056633
484,-185.293806964399,-158.83167978897353,-222.8917737191793
485,322.1536867155235,-657.1726592987636,71.97887681041904
486,441.46272258985925,-109.84578964303182,-30.28553283181306
487,-131.11624565009862,-96.90494737067378,312.5756523556774
488,184.73553030460351,-143.65741187684688,111.12478938920032
489,-82.93449750425329,171.32616575400473,33.30449882974566
490,-12.142598611833169,286.11770026011504,292.79728666219853
491,214.88965232187485,-84.02037857897957,259.496880736979
492,-225.49906596843067,-29.369448017317417,-115.06675843420804
493,73.39927006860039,-61.40266914672119,-16.138324052348107
494,91.70250031824102,22.75260271701217,83.94951684837123
495,137.36931062523394,72.15006831369493,189.97103214401113
496,-157.80037997518423,703.3748564130661,270.65417257154587
497,-149.50707958721372,-97.23202110226653,20.115044622456118
498,-128.74977116554226,214.87281367646816,-162.65943088028448
499,165.68621725666574,132.20631425147988,137.61391874608339
500,185.03034252368153,62.51059635182653,-274.01380825166046
501,52.07936439685139,-29.265725929696696,-94.85439113026447
502,20.775251824434964,-231.96543811925713,94.18044150930046
503,295.40962627696575,254.536820705985,39.851669133420344
504,129.78688541269,-149.795506504231,-36.34023676777661
505,-144.9592192367982,-105.31396123504433,-153.60543149946676
506,-17.175244643772086,468.3081127951338,69.1554839797787
507,140.74510418776725,80.20904705956545,-280.4763537773068
508,-84.02595574000611,-180.89649003353807,-150.32725138131133
509,-131.2377583571228,-145.32347202201288,-184.88837681828062
510,263.50484459227096,272.4379723464706,51.65007254786307
511,-78.99383005620663,-110.99380994792152,-626.1320642384416
512,-63.2257172025664,81.27030717274629,409.5592995207437
513,205.2803974510865,-165.1507137268415,-43.8718305890258
514,75.16235135805893,-229.50764724322656,101.9976543174784
515,28.904878171528647,-203.9913629551125,-29.918290683109067
516,-231.23659152706432,-36.25171602054802,-203.54831389671068
517,98.76158765603391,96.69461170344916,128.22839866203657
518,-30.028598896832932,-167.71969462068265,99.6206901770718
519,54.72334367678736,-38.22538258222581,232.65201765158287
520,-391.5429671467311,134.00078446119272,-289.56120046164784
521,185.41086326653448,114.98443731781937,13.815207958814296
522,458.3751653785227,148.96995630311315,-31.973019320557306
523,-100.03409053922827,-4.215654642672958,190.90344683492867
524,190.78246535547908,-60.88756433294786,154.8695446860375
525,139.72794040036231,-106.67171309516527,-63.447990939663676
526,-144.45463471888226,-362.0394080652766,111.88220354631294
527,-9.332143570051949,127.81183596092538,-381.06205831106877
528,-115.50701640824465,-132.65012752593333,-83.14464593605618
529,-138.13479127400396,-182.90792597495468,-364.2420512825756
530,-202.73657970397952,367.40717585417445,-271.74369229483506
531,-93.35110904411856,4.857934839362291,-66.60901427954052
532,137.10519314879033,23.978178387302325,-136.195095418353
533,17.99063331850852,10.54972962709783,210.01688684404968
534,40.31147153016107,-205.1658377527673,-103.95078479358087
535,-229.97895157048654,-598.8021249015019,-10.77661228773528
536,48.47199160344506,18.593838424938607,261.5562844688902
537,135.7997087837003,201.05035166193957,40.785460121677175
538,244.34782642720475,-457.8506192472995,-282.691869633368
539,-167.42389740371232,-173.75985380662397,-402.19558160565026
540,-264.22375293530854,63.586198578816834,-103.97956531832493
541,38.2906095846428,-158.49461447348622,-93.52450252970888
542,61.56340970671425,-228.32654777381686,120.69194671155799
543,-58.746113438581645,49.934505114015565,417.40347944708526
544,173.81446117454047,-320.45630551368015,224.13098299812805
545,232.9239574508378,-197.5200731912399,268.0586967547496
546,355.62075420246464,233.95178953931418,78.86262996784212
547,2.7179152531515514,14.991099187159021,-34.77625494321073
548,469.5172999164497,248.0536868832024,103.87332397219767
549,-147.9695643981823,92.71146261018667,17.699290795318237
550,124.72617904531009,72.61296060814298,166.9420628828456
551,-159.1302006570674,-336.1914267497759,-250.14296698558493
552,-131.20595907969565,5.472308653538822,403.39185790659553
553,-238.65637919233555,-64.64074045856182,-356.41162029537634
554,313.94116872568236,-113.99597298607738,-230.88598243977336
555,103.21499877676352,222.99619002365824,0.4654814423697226
556,-66.52234862033583,-131.5027844432963,-79.64083804845663
557,300.33557512358306,-523.7990675298215,45.71501171865505
558,-127.47765277676706,-181.10024455619796,1.8040551986386222
559,420.53048495887833,265.63102670210355,51.95984311327951
560,-160.7912243616568,-171.79347904916852,192.26373810685496
561,-164.01261615505464,-13.997752515761155,244.4552396130788
562,-183.59835627156704,-187.65415358250578,-8.77489179257553
563,23.619351904991465,-56.25466369412524,370.6436798673017
564,13.07233811034005,-186.83348346480471,133.23262565755581
565,67.72272669727248,425.0948341724766,-53.4400036323727
566,-217.17357663389637,-119.8859169916496,28.334981377937353
567,-49.16445722345615,-116.0405648067537,129.98727020310645
568,-587.9128232679524,-84.60353190376382,-99.53699694742635
569,67.20775421143516,79.83846289584325,-0.31480562472284035
570,139.56696371449524,-32.535782343440246,-108.30053789086436
571,8.728209934071806,127.02452620122781,229.96376982226
572,-31.113411848990452,-60.53844663548372,-10.456289551413652
573,-47.93209018535497,-38.18858479712085,-380.2998716156216
574,-118.76668472978231,-99.96499086185696,-308.5750633434267
575,222.15148622204578,-92.44597939588255,210.92254380853873
576,362.7137901858735,-126.07354686234247,-361.20101509684804
577,-78.11071747708164,206.57921448376874,113.47321399426326
578,232.56757958391833,181.47668306501637,32.83506929945855
579,257.5896472547347,204.72210700753303,-175.09868400244554
580,266.02374399201494,-173.06425012435278,-168.8000190080635
581,-631.3646898442846,123.93054321002235,260.1947014538732
582,266.1164152621794,12.732476409763137,75.34581094436076
583,306.6870210585135,33.64227384683213,95.42859541250854
584,194.94918486831537,-425.55005995882505,-371.38282080476154
585,-286.8568952576545,277.36641029244026,-272.2359907604239
586,-62.898391184639,255.74090540334083,184.79935769171652
587,707.842705227712,123.31269637575843,79.86758569952578
588,-418.88783184983237,-215.93797333370935,132.3457134130735
589,-126.82102468563137,-18.76507212411215,143.8177889546798
590,-66.2756632176345,286.4970245585553,307.64107369769545
591,37.07699311218643,75.00112038244735,-289.24097752608475
592,-513.2238792417023,-448.08385772587263,111.12920971732314
593,-27.6061085842023,348.3599268157377,68.60232935745121
594,103.42916901574499,71.1015100322504,-462.3522748065164
595,-266.24096335804455,-74.69884693588898,209.57846069899762
596,241.6403369464258,147.955660903838,61.168020427519835
597,-335.6503461842171,84.61536512117269,25.694812707605376
598,33.56266263913205,-217.29033511687624,-75.88641612585894
599,36.259054664999866,302.60941989185244,96.86710703185169
600,724.818007280912,111.7820165265603,-42.65789104012474
601,151.7622167036994,355.5603758824229,-198.862904324023
602,-160.30745502090232,-41.558462267411656,-440.6261949248626
603,-505.5771229754485,154.2133873757423,207.68593825807983
604,36.509991188125845,-91.17856188145691,-308.60298519122966
605,-201.31592523548264,72.30640255028088,-244.14403123046543
606,-220.53017940745116,-84.33358783077598,94.78342638974189
607,-340.97830985478714,-153.52284316930027,41.335656852735816
608,59.57300806575575,222.37822869137375,-127.16504113931796
609,4.363323748255858,479.56050259774264,397.7310808705577
610,266.9237050363152,-371.48596005517163,152.6278426005997
611,-126.12297888035586,333.77115273289854,-46.26339650046475
612,-189.4149341364862,25.88309836072238,-404.23848897287354
613,76.76257785140251,169.87358999610777,261.332810952557
614,-167.82388112276826,174.16342287274747,-319.78360143321675
615,-69.29956645325149,-200.25614287028134,-328.79567439601107
616,-61.06289624781189,-79.1556114613239,139.14661944929577
617,215.64654946562362,-238.19065519542076,-375.4970597510397
618,-55.085290774459175,22.612273968937572,130.03766802223217
619,-184.71591683671468,-1.9612276286770505,-327.4457148292552
620,-151.28133155524498,-173.07739341999812,-257.37367714255
621,-131.94078909825123,-143.68336520875408,-247.94230165508142
622,-22.136494931176163,-2.5830379199890325,19.615192109510414
623,-507.6951707630109,472.0932115551834,-162.275043456458
624,-95.30526255566191,298.64071499331703,-138.0982838472994
625,43.24991149776648,178.6035455557372,201.90122650530807
626,-38.97623184578739,182.0484991190747,160.91448391557353
627,-170.03080449318907,-116.33668676923104,-29.011442139192116
628,-4.809626108637997,48.92293382059056,11.326932218057875
629,-99.06782364598052,-304.908829755574,-134.10039128781528
630,-66.24904263418634,288.33001189906804,-252.71172403442606
631,-237.88526275337324,70.08235655190583,165.29066639541776
632,-47.907876054649066,113.98285363184553,-129.3277589929708
633,-254.77279439561534,-38.42530758473088,486.91744273519294
634,-69.35482326742857,-363.9205628975788,-221.9371829463264
635,-139.5630308785145,401.26331503741204,-35.84017479508639
636,63.47551402868569,-59.08018965780013,141.22968084827178
637,-18.633707407165158,32.79951077935329,53.67697423919204
638,-437.86434790707585,-396.9156602390835,-13.064946806613301
639,-432.1780833217787,32.12620796293846,-1.5720846707885978
640,80.85108488800738,76.0207183933581,243.866194728128
641,213.54880913046577,224.05239998406975,104.4422731283851
642,-2.4132348894012656,-88.33732432151511,-9.684273890846464
643,434.69071586518027,-52.348641691640296,-253.9652904411947
644,135.7634693520801,393.37594630266904,-11.45572875903927
645,-155.5601188070684,-57.806718554774285,-1.931494673893889
646,146.28932684021166,-157.32151829334066,-262.97797363355386
647,-19.127366340268573,-9.373937521035405,45.03207371818328
648,-200.82610904861258,25.97426374209285,177.38982159955395
649,336.2525745679131,-39.71495153224148,290.23572378162015
650,-112.56528534990164,294.2408466689659,236.54612576159496
651,114.31307791475444,99.19587245042246,92.36114138671128
652,76.16679180931484,206.8524926736,243.65028383421233
653,55.755853468553084,270.8415269469037,-60.11563983958095
654,109.83252364684128,208.8085985597767,236.67783126661237
655,30.631421841871603,144.24519027569812,-525.4705557719087
656,-196.52443613919021,-155.20834356068113,168.59791308598744
657,310.67207610318155,93.28964498861922,-61.74976933886681
658,108.92174931956409,-201.51826312546532,66.32626876427994
659,-304.52650001337753,207.1301497693574,69.74556010044029
660,239.24909498670482,12.747199374779369,-466.02581670938815
661,-429.5662838761094,91.91888975986429,-87.51661473581568
662,-422.4569808299361,-69.56848580504156,-129.55999057203277
663,-314.74415440549274,-177.04587710512052,182.30433388447392
664,0.7441466405089889,-348.3247749117055,-60.48902379838238
665,123.95017381687164,-358.2240156734215,112.00372735653904
666,-505.3849087329869,-35.2634026233303,54.95745888723577
667,242.55678498803013,94.7287190109702,20.59199743132648
668,228.00846781520008,-245.2299900621382,207.96753229189093
669,67.95134461463368,113.0037854713384,133.28057908888874
670,73.86964054605478,-315.94985044831543,-21.94360827787753
671,294.8526154466331,-81.39786924793941,463.88023089915794
672,-245.7421936705665,-203.01544666293728,-44.7124326596612
673,487.08220547590633,-511.29409074828993,12.437068673625442
674,-117.97011478465025,125.21562668616362,-209.95482125857143
675,227.55167038453985,10.858536713779237,108.17969722679419
676,-175.0577463007722,40.359967577737315,-113.1381695105832
677,-306.74929369117785,94.1022637576709,181.72729730525063
678,165.05014634693637,206.33591914427097,-467.2134014505434
679,84.20327778168696,-45.28244337797231,-134.13344452781575
680,-74.25585859567556,-57.84247350852114,345.23907152728117
681,-36.429229623122175,-177.48577992156146,-4.243050699567473
682,-291.43842167322697,22.073600041419226,-486.11091139027644
683,231.29454003514917,-61.07701859317315,-108.38200672463773
684,189.79504119920685,-79.38910583797913,118.36523826148691
685,97.89805330853672,-187.21602027922918,11.300081557132428
686,-27.693566574755785,61.25571092030901,-247.75853429663783
687,-174.91812401153132,294.36511548792225,-76.01312596310362
688,183.0472113208388,380.28226886861063,16.196493633934978
689,-87.8560287215857,-363.3599506850122,-117.4365942028234
690,-153.32009022746445,172.1046700329028,-212.85443143577032
691,64.34952913973422,-327.8523613008424,-318.4628183517743
692,181.4759725600936,299.21729892950776,-151.39924302172898
693,143.63480190284588,8.411672525876119,126.34931399877625
694,28.493417189296476,-127.6403133328245,-298.74913070372725
695,-91.4716701517937,-264.31466178941616,134.05293304278788
696,-114.26789583572463,-53.45875256167062,57.46325575411102
697,120.52386947156519,-402.8707442070798,-68.93214037837308
698,321.5765993910018,108.18595594878802,-391.86544202112816
699,-72.17093589983546,376.244239227156,-328.1697606919795
700,-209.16090175165857,322.66362228338943,377.99654566965006
701,249.60452815144967,-108.59456491221499,461.7783018958145
702,-214.91716090760926,-178.94474768373354,487.64984850513997
703,-81.33000693244779,176.54405068177084,-224.94942016335534
704,226.48026163625195,-228.44110559340217,-269.06371296592056
705,-296.46076937310426,355.37190466865127,272.6770002590539
706,-223.51641660727694,168.5770145220055,41.376638394180326
707,93.6059533784102,-104.4095470182421,93.9488428148319
708,168.63767264827382,519.1939184199583,-2.5352628789669223
709,76.48953425978225,90.00604607905541,288.4275714988023
710,277.8175620726536,253.30399204791192,676.2105880547907
711,377.9219251290658,-637.7170622319176,-360.2608082377181
712,-314.4047181853516,-293.0229847030622,161.01295626164156
713,26.81742663095929,49.83967617970662,-71.62529540562402
714,-209.5535190674927,-495.6373258183389,-110.36230381219245
715,143.32109074081356,33.96973324589713,89.82509694034364
716,-54.98488052562022,-92.74311078484995,-39.43363985760453
717,-539.0969505880497,-39.10086273388648,453.55594734232085
718,-127.00929361041926,312.27150370740526,125.98899282369264
719,107.25731470995999,54.803676115768454,-425.8631470609924
720,-101.97918025574162,325.2538207623867,-210.08671645030117
721,85.97689250976536,-164.0225205206807,-139.93414465456715
722,32.19997684778117,-29.1905518581476,95.20273302197184
723,67.92084247299894,-471.84821023925565,-45.45838955785768
724,-28.77966353626711,90.33512384891058,132.451177196202
725,-9.982938014648408,-130.1959770756413,172.39728496201855
726,-8.478604739618998,-47.980250138953394,-69.24903894001486
727,-109.80728156376152,-142.60330903617267,202.30032493053787
728,166.35662457507118,-125.96959856757776,96.16084148946207
729,-77.35661860581831,208.0214346650199,-451.9359632179636
730,124.43155520308511,-48.62805890756313,-245.03604785109076
731,215.6469634448635,259.27569644746427,-103.89371883243639
732,132.68186805929983,137.265315577233,-75.69007280600769
733,-412.75581589793796,-95.75950285403181,10.14238012161505
734,-165.4549308759159,-176.92092441469114,29.312374293310416
735,572.5403320191368,-190.20615609329536,336.2734983933873
736,89.52461696940617,12.15119471868572,-227.02453808701165
737,180.75893535539183,71.6667695786345,-170.2872035553779
738,2.99293982406255,56.681249219586306,218.05557898397353
739,71.48042360882455,104.64915729923776,-344.1084119480387
740,-26.33077136073193,-301.61892556949493,-172.51956446644138
741,173.7410836579266,26.664983712413736,259.2263149872109
742,146.52654129173288,-67.72277273758259,-101.71630759151213
743,1.692219228343727,129.7527092593297,-13.485243806509924
744,-23.14190597308594,-228.430236393916,303.4161875718838
745,36.32199299510004,-213.88433862786152,-196.7243833125512
746,-256.1486650796878,25.563056857753985,-215.95758459497776
747,278.6000203615007,-61.612537084235754,-54.9503781247762
748,3.8433730477844352,222.91848912600943,37.395627447687765
749,-65.9966613312135,48.45068725686531,596.1443520468854
750,138.5895648730604,71.50193838898035,-140.5357806916525
751,-442.72678645081436,-68.45548898460531,-66.97071835273853
752,268.26003737518283,-358.05794648534805,332.30325310225044
753,409.4059716689769,21.04466476506395,207.51134732369613
754,-39.033343813048944,-57.01281418174,-86.30908022835857
755,-139.7450990034217,97.7494172509708,-223.21467485990226
756,319.44589022653724,42.05988178871387,-262.1774905898231
757,233.45759435482188,-104.0647316627038,-111.5582130390582
758,219.3074347596384,-173.68572641618408,216.10631345217328
759,-59.80606943122555,-454.2615428743975,-149.41014910660013
760,10.030943650786067,275.7352707912921,-40.4203206231481
761,324.92456882529905,286.28201568905996,-58.51988487454298
762,92.99873771976482,3.0711286827956994,14.719978936274861
763,-222.86922811425427,52.57422187073991,-242.5297104251284
764,-601.2717820911492,83.63938795178109,-149.76025725093618
765,-121.35040555394025,243.54146692339606,-467.20111680317524
766,-488.6522000490195,-61.05754843798646,-100.19061993079062
767,-74.50882947138825,-226.5001071450388,-130.63887569223365
768,-25.330341589242682,-319.55250620083666,132.05164588420018
769,-28.22027850673277,-194.5491061222619,170.42526316132623
770,-182.94238993002813,78.59158385838376,-23.49587528253589
771,-135.34318178957935,119.41042006302855,-452.116100112396
772,174.3181781528753,-222.47443476648994,234.3123952235907
773,-215.59291715482917,4.279352423517312,-263.4397588689599
774,-162.48645707550696,-245.1860324157155,11.792807534183126
775,232.49847549735728,196.36173172540566,56.204457080178685
776,60.94397474052836,-117.32594683502005,-5.903637843915797
777,375.15641061639616,278.96260089034735,-181.36030656471715
778,-351.6107742322343,16.787306301343175,-130.10287957136495
779,-112.5724919480515,309.6706349594707,-80.22527643184361
780,-237.33739646829207,236.6203422717317,-146.62260260103315
781,379.48547028790034,-61.2525401417189,42.19019410605313
782,79.16380477233903,42.553361168818896,84.07381640996105
783,307.97267787141556,-381.75828544301504,119.732484328746
784,-296.58831312805637,-91.01255716228167,-365.8650364089397
785,80.46972229350895,-114.24653406908789,-202.37040455805933
786,-305.3892210254496,-154.8461802622136,-335.6698039271828
787,19.47744685581029,24.03780692645404,-248.0089770110431
788,-89.61113982851668,244.05345980114447,163.64288639598766
789,145.77095143816183,160.81834821126188,240.4228478004792
790,-128.9839441681426,234.33843477021222,-339.82314039386836
791,-214.98070394583402,-316.3768265349265,-235.41344962473633
792,-124.00889710485802,-282.9689819500868,-162.7651723699778
793,-482.1373671823475,149.375563047051,-305.0998927306992
794,-86.82069430656264,-50.33257526500417,344.3816913835084
795,77.88211468161032,-227.4149691295629,351.73382838271164
796,-169.0977654383034,-166.25110280021718,187.03141454571247
797,-142.8123510678035,-241.4937255730067,-102.30028162865811
798,314.50094030404205,321.6806458745662,-246.9639244729322
799,387.5287414141071,168.30790034565405,-253.79552603940917
800,-25.10565455731028,-2.5111173367351247,195.0657219965886
801,-311.5586026968503,-564.4788084304903,-203.83423439535244
802,-234.3787354447151,-269.9454121510767,295.7354932747715
803,35.17379119363003,-26.690778247269847,-410.1809532891972
804,107.3084540602267,-25.47187913504573,-344.63190216455024
805,-477.7726635222223,-58.42650487451443,-172.7718803787808
806,-201.27501089433758,-67.32575477240127,396.57092868711896
807,-76.05943467296359,66.93609839705891,150.65763108162284
808,-153.98821823888855,131.43480981597813,-243.91002197673174
809,0.26501400775228734,168.51398409326538,606.82793534553
810,16.74627739709463,176.15678835103617,-115.41772004483188
811,128.45945774081434,-209.298881334534,-5.085634365067347
812,162.55355599161328,-46.62467262158754,-32.24629479804304
813,30.646718191751443,-491.41250712064084,-13.166995842423157
814,-186.64236480976498,-209.1907861184915,150.5059576511245
815,-4.483117495367436,-371.0925566903731,-314.5350322954423
816,-82.68487334861128,-228.31376755626195,403.2101479170699
817,-252.37078412406234,-172.61313821711798,-317.5995434435946
818,-1.6469612280175283,3.456660045152255,66.92628671321509
819,174.67954586644444,638.275224038982,-63.13369435018844
820,452.9795802475105,-188.32560763611104,596.7620631595519
821,-293.2706119776194,310.12343761046435,-418.8574310475344
822,-188.59517533711073,59.532446605423175,79.62445169859798
823,133.91178098018156,7.7619524877708335,117.6800448262006
824,-283.52928537828177,395.1792999548168,289.3878309432067
825,166.78916961534551,-104.76054299329374,30.61398004040681
826,-74.65827081011321,109.14638038612416,170.03297790194662
827,-181.02429153810175,36.257056613090114,-212.24352554779125
828,-77.32725172630506,-0.2341059720500815,4.3284733792904735
829,-312.32617664040134,-253.69770733895572,-329.12071328517055
830,240.38603136248145,19.008581270993,-100.65108454366654
831,-29.550478004863656,-169.46518810377302,-295.8767955458206
832,127.55760950387523,-239.67888013232792,160.78361102941528
833,272.61281587567805,139.71474239797752,300.8356009009413
834,48.250633259182074,276.3868257977298,-2.9617433771654103
835,351.77114443151146,-310.00056436463484,-131.84851084450668
836,202.48670869204693,-385.9513887293042,143.13260354994287
837,-366.4464340714137,193.65078133828902,119.289482625433
838,-120.32145884155416,-184.78123184272746,-5.044088763354117
839,169.17316777396954,-294.90944652001156,14.478995464503333
840,-113.00649354190162,466.7499551756494,177.16989015212826
841,-38.740814509136584,-16.68973644852903,-419.6677148519288
842,219.43299016001308,100.77659732143277,-201.20237309271909
843,-28.596519724024343,-160.18676734181648,-253.74783114845778
844,228.26181293116946,53.61955421816263,191.2486598631697
845,39.235060727853714,-118.33022063404283,319.11340128602916
846,-416.2223686589133,-266.87608345795957,-132.0204748189131
847,91.01503409317996,-462.20175147148063,-31.787342726529914
848,-157.3108635219657,-249.6932559987441,188.02896312495054
849,175.85016499383727,-228.28800443464235,29.28355061842978
850,116.31942241416888,-118.24419051985204,-111.99059655032863
851,61.30491951466291,-98.02739620217702,158.87994176245795
852,-74.25323237709335,-234.6434725659639,-185.41843327252073
853,487.61956456546784,41.49698158001936,-344.4526046880149
854,-385.79134053324196,-111.49739742141762,367.5768663478603
855,69.40695494596596,-19.343321174840128,-14.80138272559118
856,-126.95630251624279,122.90829975242914,-309.37899001247087
857,-292.92785267236894,137.91997391577883,93.31826322571709
858,510.49391396007877,-322.7034999258973,-120.33080236238054
859,-100.04603111502578,-32.05946375540471,61.46050524636807
860,171.80223416107665,133.39158958354466,356.32250430777293
861,222.70502068383882,224.01511788487474,1.8955643640840916
862,-375.687060596665,-208.56948233055053,-91.0739600307241
863,-78.02402317289626,-200.565770801015,193.69215017641764
864,-456.5651718223284,-73.31514177733958,330.0919711484646
865,260.66748953395455,58.712250218389705,256.8574378385661
866,-311.75999025554114,195.1004176086434,311.78159783431425
867,-279.7751310555128,-42.758824785025354,66.33624732898208
868,88.50576094845458,-174.0316247905745,-148.46550621011306
869,400.64503957507736,-149.6192675924427,177.37510760554858
870,2.01769873688132,-428.0557373019725,-91.35943177641808
871,39.24690524139226,297.51337616136766,132.25973091955086
872,-65.45804580026079,58.55731274496962,69.59745019718868
873,261.42703115525563,-149.8272241890807,141.7378426516435
874,468.5271103730929,-325.17396760848595,30.785217857778786
875,83.52466418633992,272.26835749099786,-143.07516465626657
876,-198.0294422895731,-225.772560794706,-172.63599479607618
877,185.49331349134258,266.5147583723834,158.50868347878884
878,300.022448039729,-105.69421270902617,2.072020550181235
879,-315.8593695681345,197.39235231092053,10.390606078391567
880,30.097405996551966,-119.89326310594272,139.77800473780684
881,184.58066983356198,335.5854557886844,-142.1114094210885
882,183.71290368701102,14.67452985875252,-230.4998471195471
883,-129.48782037819703,-387.71436375293507,90.32201875710632
884,274.13655378753225,168.1252960072028,465.69781645725186
885,-228.5799459703708,78.35583517074399,246.89633732786285
886,184.43614081394207,-220.389706963,48.435804553573455
887,-55.34695711333399,294.79430366328614,53.883066647264364
888,378.4542686132078,-608.6362236046656,339.22538025875707
889,-58.490061573663056,-155.2330322632494,-75.56449162275209
890,143.2965252979546,-259.9140940428866,-320.1590794844692
891,117.15021308268203,-248.3782488002991,224.37262041486025
892,63.744637422962,109.85481294052619,214.39643349428255
893,-295.48873717233926,-224.09235719260408,240.28139302029814
894,298.61269314533894,-11.34408050829552,259.2594027918392
895,275.80958236764826,-313.6954333164027,40.58695177436759
896,-97.89200677452425,-249.41395657104962,-343.4176519429562
897,99.74101000146197,175.2774497598291,-16.263521760474475
898,698.3996983220895,-200.7977119367732,-12.985161542002471
899,-30.11655959506292,-225.41725877368825,195.9466020238755
900,65.80918266768228,92.2583264780957,-329.4276508323869
901,-162.2971387898325,52.05337931548163,-306.5972812256184
902,110.26112485078225,-332.6527616676404,-143.98968223779397
903,137.31495275299625,-82.976828357137,202.2475446472529
904,67.38502070231448,507.27151434728046,-136.17311706597434
905,-143.49541312874788,-339.3594524408777,-105.03874901211978
906,9.623344386138408,-178.82550893530407,-320.40076138630866
907,-58.1711076338051,-6.8292863743093735,-107.11763684895692
908,520.8287901103122,252.54447723224067,-371.6679829301097
909,115.31717042536684,-79.14044558660683,-138.6601430858113
910,51.675995078354184,-196.20087143260307,65.88080760329508
911,-22.260960175938667,-119.51047525070821,48.68915948840339
912,-4.7160585332034275,-274.19450381612506,-51.84705259942051
913,326.9372239937894,-88.02930253147257,-147.3547463537474
914,224.79170585065194,80.78873407779474,608.0225876288254
915,96.90501714691685,266.2443514371803,134.27863071447723
916,-630.8173935886102,59.82574848623532,-37.54318816211151
917,-189.4878713606046,-7.722192208349295,-11.467573321987693
918,-239.16756328191275,228.15808080826713,-6.624413645237845
919,38.67800667970984,-172.04858516069243,103.4369072679298
920,255.53930666202965,-76.63935883259157,56.872810345722414
921,-21.64789395750123,275.6034103669266,-99.86328795813989
922,-25.134388203064457,348.5758708635692,136.59510948871258
923,160.999759314729,-21.992368179512663,441.1430747668363
924,-317.167226091993,144.67610389374522,175.48500955033893
925,-231.02266309959404,-716.7747497297469,-2.8709296259857684
926,-148.265788968529,102.96421557104894,-129.9978642254316
927,-238.8069461831318,-30.847688613534057,84.39963977812793
928,168.31682865517888,486.5725204816859,10.309038726864763
929,-327.6388513381417,199.81757260932545,371.40687749771007
930,87.39749139850167,24.945382205306547,-117.38055342065469
931,-183.46769555818398,118.50690941955044,-157.5419777052336
932,-254.49027852674777,74.58075448795,469.9130215754381
933,306.20204449637015,247.42903190603877,-86.52123702284455
934,150.16108840239613,91.10068223425417,-59.73149646968384
935,-86.83775279496338,86.39178984436367,84.13771050169986
936,-502.1671889325799,251.23980012691004,-202.4909896602495
937,-44.43587746143031,-305.3210875149706,-28.60409035216701
938,40.56431266203136,18.601228702087457,139.17026630051993
939,-286.84138027635345,1.6014988403364203,437.1946120440384
940,36.35694594368547,139.89769220699822,134.3276796799242
941,-246.21677655737014,291.708496728004,-84.33380864832985
942,116.33253224617476,-265.9514825656151,51.870503327831244
943,-23.41604037337015,71.21272944518977,-5.556119558422362
944,-3.4513816489089972,315.19955807995774,485.9397785989665
945,-17.676925262776116,-222.37352669473643,126.1566130337155
946,132.31108595584018,-41.88549234153465,146.72905970540103
947,-102.52996600373365,-84.02600725213811,-17.627442200811654
948,-33.65300252213779,-490.4946320083954,-40.77542093088794
949,-33.56311161075984,-62.505244915593416,352.7582072391124
950,-100.72065167016369,22.224701722744992,-5.334684006381841
951,96.03924444767806,-312.3053810931372,17.548091622046435
952,140.67296645002736,82.25180179351096,-512.8324539222351
953,-674.7276903259312,35.18610475075444,199.36569341427423
954,-21.04026417064421,-223.51139411975956,7.39609924893981
955,92.65560824425668,-85.68745215803474,-167.0604938606895
956,-329.50129723350983,-384.79409342597546,-216.55091445933294
957,-18.162678360208552,-214.37448907264397,74.41710364517587
958,-301.4836096937554,-16.315652208841893,361.8134483684903
959,287.2024013403741,391.80424094957897,111.65318394213568
960,-86.67024844111849,66.73574847707006,-282.98143606768696
961,-124.79197246786089,-12.674294716135167,0.3975970669878147
962,93.83939835640038,-196.10253049547137,-18.360138906893834
963,-83.55075145960112,-30.331043626098662,-67.3556040659194
964,67.73216736256818,-361.43831623668484,90.32772012380936
965,251.2755408009394,52.91101829026357,-374.4589774130711
966,-52.31788034923004,9.885537586172626,142.85141242581977
967,-112.75274395380343,-57.9612805270185,102.08805635140676
968,-172.78427461022127,-28.662701091890103,36.04125399316217
969,112.59379742424667,-50.29829859581816,-68.2404955288465
970,-447.4908401485367,-82.84189650008729,-453.27819569258907
971,168.55612802001974,-139.83978508651623,285.10362139702625
972,-556.1911387892274,103.38509042834485,156.1988001382807
973,-300.946566939952,-315.0603947268816,-240.8302447835727
974,-0.4664105007357018,286.8919146824611,-64.56968673287292
975,275.25333830620457,-34.640584664089864,253.2715434352368
976,-184.29676255807732,-170.5270160279857,-157.9090206100521
977,-225.1721675978818,89.28845169846097,-369.5020812997342
978,289.3143507590322,-58.343223793360444,339.2590035476834
979,-259.9514150685584,-170.35781915364387,310.5026077010437
980,103.20408627970588,341.29600220633984,508.5575074841076
981,-127.44865580626758,421.8527852611716,-159.8842906258126
982,-273.9127737761583,133.9823895463288,40.300129134912396
983,-136.32743449752937,-61.179084430101774,-2.48345970009899
984,113.44948574423894,-199.28606278979956,97.79763634503834
985,-81.85856849904359,104.83275952371642,-5.692759057867139
986,177.25854540692677,158.80874211642978,55.48624524552308
987,-105.62390331025455,30.43623478391807,-264.93828833899784
988,205.67101732417012,-13.597600951741914,118.10293988012215
989,224.85804034712555,-192.39306657046308,-86.49212808543926
990,81.63010849991491,-84.41816984539233,96.86593050562381
991,15.655726355479487,-362.25674004340203,418.36665245763334
992,91.67882552313024,84.73546683757614,114.28912988892479
993,22.710248913557788,165.89929865397576,124.89843142558648
994,61.065542779292834,-38.8163664000238,-470.97225571118315
995,-309.03616969475615,-200.11174263415955,38.34640354725373
996,-104.54188282445831,48.79094044001226,261.78553695867345
997,225.19845742293595,279.5693127526212,-47.17729924169857
998,202.95133061960482,-28.95036473091231,-297.6139182829347
999,9.729650870177299,-297.76636905576004,103.67391723845523
